20

2 4 1 1 3 2 1 2 3 4 2 4 1 2 3 4 1 2 3 1

10001 1 4 1 2 4 5 4 2 3 1 3 3 3 3 4 5 3 2 1 2

20002 2 2 2 3 5 5 2 2 2 3 1 4 1 2 4 5 4 2 3 1

30003 3 3 3 3 4 5 3 2 1 2 4 1 2 3 2 5 2 3 2 2

40004 4 1 2 3 2 5 2 3 2 2 3 4 2 4 1 2 3 4 1 2

50005 5 2 2 2 4 2 4 4 3 1 1 4 1 2 4 5 4 2 3 1

60007 6 4 1 3 4 5 2 2 3 3 3 3 3 3 4 5 3 2 1 2

60008 2 2 2 3 5 5 2 2 2 3 3 4 2 4 1 2 3 4 1 2

60009 6 4 1 3 4 5 2 2 3 3 1 4 1 2 4 5 4 2 3 1

60010 1 4 1 2 4 5 4 2 3 1 1 4 1 2 4 5 4 2 3 1

60011 1 4 1 2 4 5 4 2 3 1 3 3 3 3 4 5 3 2 1 2

60012 1 4 1 2 4 5 4 2 3 1 1 4 1 2 4 5 4 2 3 1